           p         isp           t         pip        aeat
   2.0684E+01  0.0000E+00  2.5410E+03  1.0000E+00  0.0000E+00
   1.1538E+01  1.2089E+03  2.2839E+03  1.7928E+00  1.0000E+00
   1.0135E+00  2.4582E+03  1.4085E+03  2.0408E+01  3.4493E+00
   7.6014E-01  2.5398E+03  1.3285E+03  2.7211E+01  4.1985E+00
   6.0812E-01  2.5983E+03  1.2698E+03  3.4014E+01  4.9035E+00
   5.0676E-01  2.6433E+03  1.2241E+03  4.0816E+01  5.5755E+00
   2.7579E+01  0.0000E+00  2.5442E+03  1.0000E+00  0.0000E+00
   1.5378E+01  1.2096E+03  2.2848E+03  1.7934E+00  1.0000E+00
   1.3514E+00  2.4584E+03  1.4083E+03  2.0408E+01  3.4484E+00
   1.0135E+00  2.5400E+03  1.3284E+03  2.7211E+01  4.1975E+00
   8.1082E-01  2.5985E+03  1.2697E+03  3.4014E+01  4.9023E+00
   6.7568E-01  2.6434E+03  1.2239E+03  4.0816E+01  5.5742E+00
   3.4474E+01  0.0000E+00  2.5464E+03  1.0000E+00  0.0000E+00
   1.9217E+01  1.2102E+03  2.2855E+03  1.7939E+00  1.0000E+00
   1.6892E+00  2.4585E+03  1.4082E+03  2.0408E+01  3.4479E+00
   1.2669E+00  2.5401E+03  1.3282E+03  2.7211E+01  4.1968E+00
   1.0135E+00  2.5986E+03  1.2696E+03  3.4014E+01  4.9016E+00
   8.4460E-01  2.6435E+03  1.2238E+03  4.0816E+01  5.5734E+00
   4.1368E+01  0.0000E+00  2.5481E+03  1.0000E+00  0.0000E+00
   2.3056E+01  1.2106E+03  2.2860E+03  1.7942E+00  1.0000E+00
   2.0271E+00  2.4586E+03  1.4081E+03  2.0408E+01  3.4474E+00
   1.5203E+00  2.5402E+03  1.3282E+03  2.7211E+01  4.1963E+00
   1.2162E+00  2.5987E+03  1.2695E+03  3.4014E+01  4.9010E+00
   1.0135E+00  2.6436E+03  1.2238E+03  4.0816E+01  5.5729E+00
   2.0684E+01  0.0000E+00  2.6792E+03  1.0000E+00  0.0000E+00
   1.1588E+01  1.2196E+03  2.4250E+03  1.7850E+00  1.0000E+00
   1.0135E+00  2.4984E+03  1.5174E+03  2.0408E+01  3.4856E+00
   7.6014E-01  2.5822E+03  1.4325E+03  2.7211E+01  4.2454E+00
   6.0812E-01  2.6422E+03  1.3701E+03  3.4014E+01  4.9599E+00
   5.0676E-01  2.6884E+03  1.3211E+03  4.0816E+01  5.6408E+00
   2.7579E+01  0.0000E+00  2.6846E+03  1.0000E+00  0.0000E+00
   1.5442E+01  1.2208E+03  2.4270E+03  1.7860E+00  1.0000E+00
   1.3514E+00  2.4988E+03  1.5170E+03  2.0408E+01  3.4839E+00
   1.0135E+00  2.5825E+03  1.4322E+03  2.7211E+01  4.2433E+00
   8.1082E-01  2.6425E+03  1.3697E+03  3.4014E+01  4.9575E+00
   6.7568E-01  2.6887E+03  1.3208E+03  4.0816E+01  5.6381E+00
   3.4474E+01  0.0000E+00  2.6884E+03  1.0000E+00  0.0000E+00
   1.9295E+01  1.2216E+03  2.4283E+03  1.7867E+00  1.0000E+00
   1.6892E+00  2.4990E+03  1.5168E+03  2.0408E+01  3.4827E+00
   1.2669E+00  2.5827E+03  1.4320E+03  2.7211E+01  4.2418E+00
   1.0135E+00  2.6427E+03  1.3695E+03  3.4014E+01  4.9559E+00
   8.4460E-01  2.6889E+03  1.3206E+03  4.0816E+01  5.6363E+00
   4.1368E+01  0.0000E+00  2.6913E+03  1.0000E+00  0.0000E+00
   2.3146E+01  1.2223E+03  2.4294E+03  1.7872E+00  1.0000E+00
   2.0271E+00  2.4992E+03  1.5166E+03  2.0408E+01  3.4818E+00
   1.5203E+00  2.5829E+03  1.4318E+03  2.7211E+01  4.2408E+00
   1.2162E+00  2.6429E+03  1.3694E+03  3.4014E+01  4.9547E+00
   1.0135E+00  2.6890E+03  1.3205E+03  4.0816E+01  5.6349E+00
   2.0684E+01  0.0000E+00  2.8034E+03  1.0000E+00  0.0000E+00
   1.1641E+01  1.2265E+03  2.5559E+03  1.7768E+00  1.0000E+00
   1.0135E+00  2.5326E+03  1.6256E+03  2.0408E+01  3.5259E+00
   7.6014E-01  2.6184E+03  1.5364E+03  2.7211E+01  4.2975E+00
   6.0812E-01  2.6800E+03  1.4705E+03  3.4014E+01  5.0233E+00
   5.0676E-01  2.7273E+03  1.4187E+03  4.0816E+01  5.7148E+00
   2.7579E+01  0.0000E+00  2.8115E+03  1.0000E+00  0.0000E+00
   1.5509E+01  1.2283E+03  2.5594E+03  1.7782E+00  1.0000E+00
   1.3514E+00  2.5332E+03  1.6250E+03  2.0408E+01  3.5227E+00
   1.0135E+00  2.6190E+03  1.5359E+03  2.7211E+01  4.2938E+00
   8.1082E-01  2.6805E+03  1.4699E+03  3.4014E+01  5.0190E+00
   6.7568E-01  2.7278E+03  1.4182E+03  4.0816E+01  5.7099E+00
   3.4474E+01  0.0000E+00  2.8173E+03  1.0000E+00  0.0000E+00
   1.9376E+01  1.2295E+03  2.5619E+03  1.7792E+00  1.0000E+00
   1.6892E+00  2.5336E+03  1.6247E+03  2.0408E+01  3.5206E+00
   1.2669E+00  2.6193E+03  1.5355E+03  2.7211E+01  4.2912E+00
   1.0135E+00  2.6808E+03  1.4696E+03  3.4014E+01  5.0160E+00
   8.4460E-01  2.7281E+03  1.4178E+03  4.0816E+01  5.7066E+00
   4.1368E+01  0.0000E+00  2.8218E+03  1.0000E+00  0.0000E+00
   2.3241E+01  1.2305E+03  2.5637E+03  1.7800E+00  1.0000E+00
   2.0271E+00  2.5340E+03  1.6244E+03  2.0408E+01  3.5190E+00
   1.5203E+00  2.6196E+03  1.5352E+03  2.7211E+01  4.2893E+00
   1.2162E+00  2.6811E+03  1.4693E+03  3.4014E+01  5.0138E+00
   1.0135E+00  2.7283E+03  1.4175E+03  4.0816E+01  5.7041E+00
   2.0684E+01  0.0000E+00  2.9133E+03  1.0000E+00  0.0000E+00
   1.1695E+01  1.2302E+03  2.6754E+03  1.7687E+00  1.0000E+00
   1.0135E+00  2.5614E+03  1.7332E+03  2.0408E+01  3.5703E+00
   7.6014E-01  2.6492E+03  1.6401E+03  2.7211E+01  4.3554E+00
   6.0812E-01  2.7121E+03  1.5710E+03  3.4014E+01  5.0938E+00
   5.0676E-01  2.7606E+03  1.5166E+03  4.0816E+01  5.7973E+00
   2.7579E+01  0.0000E+00  2.9247E+03  1.0000E+00  0.0000E+00
   1.5578E+01  1.2326E+03  2.6811E+03  1.7704E+00  1.0000E+00
   1.3514E+00  2.5623E+03  1.7323E+03  2.0408E+01  3.5654E+00
   1.0135E+00  2.6500E+03  1.6392E+03  2.7211E+01  4.3494E+00
   8.1082E-01  2.7129E+03  1.5702E+03  3.4014E+01  5.0869E+00
   6.7568E-01  2.7613E+03  1.5158E+03  4.0816E+01  5.7895E+00
   3.4474E+01  0.0000E+00  2.9329E+03  1.0000E+00  0.0000E+00
   1.9459E+01  1.2343E+03  2.6851E+03  1.7716E+00  1.0000E+00
   1.6892E+00  2.5630E+03  1.7317E+03  2.0408E+01  3.5619E+00
   1.2669E+00  2.6506E+03  1.6386E+03  2.7211E+01  4.3452E+00
   1.0135E+00  2.7135E+03  1.5696E+03  3.4014E+01  5.0821E+00
   8.4460E-01  2.7618E+03  1.5152E+03  4.0816E+01  5.7841E+00
   4.1368E+01  0.0000E+00  2.9392E+03  1.0000E+00  0.0000E+00
   2.3338E+01  1.2356E+03  2.6882E+03  1.7725E+00  1.0000E+00
   2.0271E+00  2.5635E+03  1.7312E+03  2.0408E+01  3.5593E+00
   1.5203E+00  2.6510E+03  1.6381E+03  2.7211E+01  4.3421E+00
   1.2162E+00  2.7139E+03  1.5691E+03  3.4014E+01  5.0784E+00
   1.0135E+00  2.7622E+03  1.5148E+03  4.0816E+01  5.7800E+00
   2.0684E+01  0.0000E+00  3.0092E+03  1.0000E+00  0.0000E+00
   1.1747E+01  1.2313E+03  2.7826E+03  1.7608E+00  1.0000E+00
   1.0135E+00  2.5852E+03  1.8399E+03  2.0408E+01  3.6193E+00
   7.6014E-01  2.6748E+03  1.7434E+03  2.7211E+01  4.4192E+00
   6.0812E-01  2.7392E+03  1.6716E+03  3.4014E+01  5.1717E+00
   5.0676E-01  2.7887E+03  1.6148E+03  4.0816E+01  5.8887E+00
   2.7579E+01  0.0000E+00  3.0241E+03  1.0000E+00  0.0000E+00
   1.5646E+01  1.2342E+03  2.7910E+03  1.7627E+00  1.0000E+00
   1.3514E+00  2.5865E+03  1.8387E+03  2.0408E+01  3.6121E+00
   1.0135E+00  2.6760E+03  1.7422E+03  2.7211E+01  4.4104E+00
   8.1082E-01  2.7403E+03  1.6704E+03  3.4014E+01  5.1615E+00
   6.7568E-01  2.7898E+03  1.6136E+03  4.0816E+01  5.8772E+00
   3.4474E+01  0.0000E+00  3.0349E+03  1.0000E+00  0.0000E+00
   1.9542E+01  1.2363E+03  2.7971E+03  1.7641E+00  1.0000E+00
   1.6892E+00  2.5874E+03  1.8379E+03  2.0408E+01  3.6070E+00
   1.2669E+00  2.6769E+03  1.7413E+03  2.7211E+01  4.4042E+00
   1.0135E+00  2.7411E+03  1.6695E+03  3.4014E+01  5.1543E+00
   8.4460E-01  2.7906E+03  1.6128E+03  4.0816E+01  5.8690E+00
   4.1368E+01  0.0000E+00  3.0434E+03  1.0000E+00  0.0000E+00
   2.3436E+01  1.2380E+03  2.8017E+03  1.7652E+00  1.0000E+00
   2.0271E+00  2.5882E+03  1.8372E+03  2.0408E+01  3.6032E+00
   1.5203E+00  2.6775E+03  1.7407E+03  2.7211E+01  4.3995E+00
   1.2162E+00  2.7417E+03  1.6688E+03  3.4014E+01  5.1488E+00
   1.0135E+00  2.7912E+03  1.6121E+03  4.0816E+01  5.8629E+00
   2.0684E+01  0.0000E+00  3.0916E+03  1.0000E+00  0.0000E+00
   1.1796E+01  1.2302E+03  2.8770E+03  1.7535E+00  1.0000E+00
   1.0135E+00  2.6043E+03  1.9456E+03  2.0408E+01  3.6728E+00
   7.6014E-01  2.6958E+03  1.8464E+03  2.7211E+01  4.4891E+00
   6.0812E-01  2.7615E+03  1.7722E+03  3.4014E+01  5.2572E+00
   5.0676E-01  2.8121E+03  1.7133E+03  4.0816E+01  5.9892E+00
   2.7579E+01  0.0000E+00  3.1100E+03  1.0000E+00  0.0000E+00
   1.5710E+01  1.2336E+03  2.8887E+03  1.7555E+00  1.0000E+00
   1.3514E+00  2.6061E+03  1.9441E+03  2.0408E+01  3.6631E+00
   1.0135E+00  2.6974E+03  1.8448E+03  2.7211E+01  4.4770E+00
   8.1082E-01  2.7631E+03  1.7705E+03  3.4014E+01  5.2431E+00
   6.7568E-01  2.8136E+03  1.7117E+03  4.0816E+01  5.9732E+00
   3.4474E+01  0.0000E+00  3.1237E+03  1.0000E+00  0.0000E+00
   1.9621E+01  1.2361E+03  2.8970E+03  1.7569E+00  1.0000E+00
   1.6892E+00  2.6074E+03  1.9430E+03  2.0408E+01  3.6561E+00
   1.2669E+00  2.6986E+03  1.8436E+03  2.7211E+01  4.4685E+00
   1.0135E+00  2.7642E+03  1.7693E+03  3.4014E+01  5.2331E+00
   8.4460E-01  2.8147E+03  1.7105E+03  4.0816E+01  5.9618E+00
   4.1368E+01  0.0000E+00  3.1344E+03  1.0000E+00  0.0000E+00
   2.3530E+01  1.2381E+03  2.9035E+03  1.7581E+00  1.0000E+00
   2.0271E+00  2.6084E+03  1.9422E+03  2.0408E+01  3.6508E+00
   1.5203E+00  2.6995E+03  1.8427E+03  2.7211E+01  4.4620E+00
   1.2162E+00  2.7651E+03  1.7684E+03  3.4014E+01  5.2255E+00
   1.0135E+00  2.8155E+03  1.7095E+03  4.0816E+01  5.9532E+00
   2.0684E+01  0.0000E+00  3.1610E+03  1.0000E+00  0.0000E+00
   1.1841E+01  1.2275E+03  2.9585E+03  1.7469E+00  1.0000E+00
   1.0135E+00  2.6190E+03  2.0497E+03  2.0408E+01  3.7306E+00
   7.6014E-01  2.7123E+03  1.9486E+03  2.7211E+01  4.5650E+00
   6.0812E-01  2.7793E+03  1.8725E+03  3.4014E+01  5.3503E+00
   5.0676E-01  2.8311E+03  1.8120E+03  4.0816E+01  6.0988E+00
   2.7579E+01  0.0000E+00  3.1830E+03  1.0000E+00  0.0000E+00
   1.5770E+01  1.2313E+03  2.9736E+03  1.7488E+00  1.0000E+00
   1.3514E+00  2.6214E+03  2.0480E+03  2.0408E+01  3.7182E+00
   1.0135E+00  2.7145E+03  1.9466E+03  2.7211E+01  4.5495E+00
   8.1082E-01  2.7814E+03  1.8704E+03  3.4014E+01  5.3320E+00
   6.7568E-01  2.8331E+03  1.8098E+03  4.0816E+01  6.0779E+00
   3.4474E+01  0.0000E+00  3.1995E+03  1.0000E+00  0.0000E+00
   1.9696E+01  1.2341E+03  2.9846E+03  1.7503E+00  1.0000E+00
   1.6892E+00  2.6232E+03  2.0468E+03  2.0408E+01  3.7092E+00
   1.2669E+00  2.7161E+03  1.9452E+03  2.7211E+01  4.5383E+00
   1.0135E+00  2.7830E+03  1.8689E+03  3.4014E+01  5.3188E+00
   8.4460E-01  2.8345E+03  1.8083E+03  4.0816E+01  6.0629E+00
   4.1368E+01  0.0000E+00  3.2125E+03  1.0000E+00  0.0000E+00
   2.3619E+01  1.2363E+03  2.9932E+03  1.7515E+00  1.0000E+00
   2.0271E+00  2.6245E+03  2.0458E+03  2.0408E+01  3.7024E+00
   1.5203E+00  2.7173E+03  1.9440E+03  2.7211E+01  4.5297E+00
   1.2162E+00  2.7841E+03  1.8677E+03  3.4014E+01  5.3087E+00
   1.0135E+00  2.8356E+03  1.8070E+03  4.0816E+01  6.0514E+00
   2.0684E+01  0.0000E+00  3.2185E+03  1.0000E+00  0.0000E+00
   1.1880E+01  1.2234E+03  3.0273E+03  1.7411E+00  1.0000E+00
   1.0135E+00  2.6296E+03  2.1514E+03  2.0408E+01  3.7917E+00
   7.6014E-01  2.7245E+03  2.0496E+03  2.7211E+01  4.6462E+00
   6.0812E-01  2.7929E+03  1.9724E+03  3.4014E+01  5.4506E+00
   5.0676E-01  2.8457E+03  1.9106E+03  4.0816E+01  6.2174E+00
   2.7579E+01  0.0000E+00  3.2438E+03  1.0000E+00  0.0000E+00
   1.5823E+01  1.2275E+03  3.0458E+03  1.7430E+00  1.0000E+00
   1.3514E+00  2.6327E+03  2.1498E+03  2.0408E+01  3.7769E+00
   1.0135E+00  2.7274E+03  2.0474E+03  2.7211E+01  4.6273E+00
   8.1082E-01  2.7957E+03  1.9699E+03  3.4014E+01  5.4280E+00
   6.7568E-01  2.8483E+03  1.9079E+03  4.0816E+01  6.1913E+00
   3.4474E+01  0.0000E+00  3.2629E+03  1.0000E+00  0.0000E+00
   1.9763E+01  1.2306E+03  3.0595E+03  1.7444E+00  1.0000E+00
   1.6892E+00  2.6349E+03  2.1486E+03  2.0408E+01  3.7660E+00
   1.2669E+00  2.7295E+03  2.0458E+03  2.7211E+01  4.6135E+00
   1.0135E+00  2.7976E+03  1.9680E+03  3.4014E+01  5.4115E+00
   8.4460E-01  2.8502E+03  1.9060E+03  4.0816E+01  6.1724E+00
   4.1368E+01  0.0000E+00  3.2781E+03  1.0000E+00  0.0000E+00
   2.3699E+01  1.2331E+03  3.0703E+03  1.7456E+00  1.0000E+00
   2.0271E+00  2.6366E+03  2.1476E+03  2.0408E+01  3.7575E+00
   1.5203E+00  2.7311E+03  2.0445E+03  2.7211E+01  4.6027E+00
   1.2162E+00  2.7991E+03  1.9666E+03  3.4014E+01  5.3987E+00
   1.0135E+00  2.8516E+03  1.9045E+03  4.0816E+01  6.1577E+00
   2.0684E+01  0.0000E+00  3.2651E+03  1.0000E+00  0.0000E+00
   1.1913E+01  1.2185E+03  3.0838E+03  1.7363E+00  1.0000E+00
   1.0135E+00  2.6362E+03  2.2493E+03  2.0408E+01  3.8549E+00
   7.6014E-01  2.7328E+03  2.1483E+03  2.7211E+01  4.7316E+00
   6.0812E-01  2.8025E+03  2.0709E+03  3.4014E+01  5.5570E+00
   5.0676E-01  2.8563E+03  2.0085E+03  4.0816E+01  6.3439E+00
   2.7579E+01  0.0000E+00  3.2934E+03  1.0000E+00  0.0000E+00
   1.5868E+01  1.2228E+03  3.1057E+03  1.7380E+00  1.0000E+00
   1.3514E+00  2.6400E+03  2.2483E+03  2.0408E+01  3.8381E+00
   1.0135E+00  2.7364E+03  2.1463E+03  2.7211E+01  4.7096E+00
   8.1082E-01  2.8059E+03  2.0683E+03  3.4014E+01  5.5302E+00
   6.7568E-01  2.8596E+03  2.0055E+03  4.0816E+01  6.3128E+00
   3.4474E+01  0.0000E+00  3.3150E+03  1.0000E+00  0.0000E+00
   1.9820E+01  1.2261E+03  3.1221E+03  1.7393E+00  1.0000E+00
   1.6892E+00  2.6428E+03  2.2475E+03  2.0408E+01  3.8256E+00
   1.2669E+00  2.7390E+03  2.1446E+03  2.7211E+01  4.6933E+00
   1.0135E+00  2.8084E+03  2.0662E+03  3.4014E+01  5.5106E+00
   8.4460E-01  2.8619E+03  2.0033E+03  4.0816E+01  6.2900E+00
   4.1368E+01  0.0000E+00  3.3322E+03  1.0000E+00  0.0000E+00
   2.3770E+01  1.2288E+03  3.1351E+03  1.7404E+00  1.0000E+00
   2.0271E+00  2.6450E+03  2.2467E+03  2.0408E+01  3.8157E+00
   1.5203E+00  2.7410E+03  2.1433E+03  2.7211E+01  4.6805E+00
   1.2162E+00  2.8103E+03  2.0646E+03  3.4014E+01  5.4952E+00
   1.0135E+00  2.8638E+03  2.0016E+03  4.0816E+01  6.2722E+00
   2.0684E+01  0.0000E+00  3.3022E+03  1.0000E+00  0.0000E+00
   1.1939E+01  1.2129E+03  3.1292E+03  1.7325E+00  1.0000E+00
   1.0135E+00  2.6391E+03  2.3415E+03  2.0408E+01  3.9180E+00
   7.6014E-01  2.7372E+03  2.2432E+03  2.7211E+01  4.8187E+00
   6.0812E-01  2.8081E+03  2.1669E+03  3.4014E+01  5.6671E+00
   5.0676E-01  2.8629E+03  2.1048E+03  4.0816E+01  6.4761E+00
   2.7579E+01  0.0000E+00  3.3331E+03  1.0000E+00  0.0000E+00
   1.5905E+01  1.2174E+03  3.1542E+03  1.7340E+00  1.0000E+00
   1.3514E+00  2.6437E+03  2.3419E+03  2.0408E+01  3.9000E+00
   1.0135E+00  2.7415E+03  2.2419E+03  2.7211E+01  4.7944E+00
   8.1082E-01  2.8123E+03  2.1646E+03  3.4014E+01  5.6371E+00
   6.7568E-01  2.8669E+03  2.1019E+03  4.0816E+01  6.4407E+00
   3.4474E+01  0.0000E+00  3.3568E+03  1.0000E+00  0.0000E+00
   1.9868E+01  1.2208E+03  3.1730E+03  1.7351E+00  1.0000E+00
   1.6892E+00  2.6470E+03  2.3418E+03  2.0408E+01  3.8863E+00
   1.2669E+00  2.7447E+03  2.2406E+03  2.7211E+01  4.7762E+00
   1.0135E+00  2.8153E+03  2.1627E+03  3.4014E+01  5.6147E+00
   8.4460E-01  2.8699E+03  2.0996E+03  4.0816E+01  6.4144E+00
   4.1368E+01  0.0000E+00  3.3758E+03  1.0000E+00  0.0000E+00
   2.3828E+01  1.2236E+03  3.1881E+03  1.7361E+00  1.0000E+00
   2.0271E+00  2.6497E+03  2.3416E+03  2.0408E+01  3.8755E+00
   1.5203E+00  2.7472E+03  2.2396E+03  2.7211E+01  4.7618E+00
   1.2162E+00  2.8177E+03  2.1611E+03  3.4014E+01  5.5970E+00
   1.0135E+00  2.8722E+03  2.0977E+03  4.0816E+01  6.3937E+00
   2.0684E+01  0.0000E+00  3.3311E+03  1.0000E+00  0.0000E+00
   1.1960E+01  1.2069E+03  3.1649E+03  1.7295E+00  1.0000E+00
   1.0135E+00  2.6384E+03  2.4256E+03  2.0408E+01  3.9780E+00
   7.6014E-01  2.7379E+03  2.3321E+03  2.7211E+01  4.9041E+00
   6.0812E-01  2.8100E+03  2.2585E+03  3.4014E+01  5.7774E+00
   5.0676E-01  2.8658E+03  2.1979E+03  4.0816E+01  6.6105E+00
   2.7579E+01  0.0000E+00  3.3642E+03  1.0000E+00  0.0000E+00
   1.5934E+01  1.2115E+03  3.1924E+03  1.7308E+00  1.0000E+00
   1.3514E+00  2.6438E+03  2.4281E+03  2.0408E+01  3.9599E+00
   1.0135E+00  2.7431E+03  2.3322E+03  2.7211E+01  4.8789E+00
   8.1082E-01  2.8149E+03  2.2571E+03  3.4014E+01  5.7454E+00
   6.7568E-01  2.8706E+03  2.1956E+03  4.0816E+01  6.5721E+00
   3.4474E+01  0.0000E+00  3.3896E+03  1.0000E+00  0.0000E+00
   1.9906E+01  1.2151E+03  3.2133E+03  1.7318E+00  1.0000E+00
   1.6892E+00  2.6478E+03  2.4296E+03  2.0408E+01  3.9459E+00
   1.2669E+00  2.7469E+03  2.3320E+03  2.7211E+01  4.8596E+00
   1.0135E+00  2.8186E+03  2.2558E+03  3.4014E+01  5.7212E+00
   8.4460E-01  2.8741E+03  2.1936E+03  4.0816E+01  6.5432E+00
   4.1368E+01  0.0000E+00  3.4102E+03  1.0000E+00  0.0000E+00
   2.3876E+01  1.2179E+03  3.2302E+03  1.7327E+00  1.0000E+00
   2.0271E+00  2.6509E+03  2.4305E+03  2.0408E+01  3.9346E+00
   1.5203E+00  2.7499E+03  2.3316E+03  2.7211E+01  4.8442E+00
   1.2162E+00  2.8215E+03  2.2546E+03  3.4014E+01  5.7018E+00
   1.0135E+00  2.8769E+03  2.1919E+03  4.0816E+01  6.5201E+00
   2.0684E+01  0.0000E+00  3.3533E+03  1.0000E+00  0.0000E+00
   1.1975E+01  1.2007E+03  3.1923E+03  1.7272E+00  1.0000E+00
   1.0135E+00  2.6347E+03  2.4988E+03  2.0408E+01  4.0314E+00
   7.6014E-01  2.7353E+03  2.4118E+03  2.7211E+01  4.9831E+00
   6.0812E-01  2.8083E+03  2.3427E+03  3.4014E+01  5.8823E+00
   5.0676E-01  2.8650E+03  2.2851E+03  4.0816E+01  6.7412E+00
   2.7579E+01  0.0000E+00  3.3881E+03  1.0000E+00  0.0000E+00
   1.5957E+01  1.2054E+03  3.2219E+03  1.7284E+00  1.0000E+00
   1.3514E+00  2.6407E+03  2.5043E+03  2.0408E+01  4.0144E+00
   1.0135E+00  2.7412E+03  2.4145E+03  2.7211E+01  4.9586E+00
   8.1082E-01  2.8141E+03  2.3433E+03  3.4014E+01  5.8504E+00
   6.7568E-01  2.8706E+03  2.2843E+03  4.0816E+01  6.7019E+00
   3.4474E+01  0.0000E+00  3.4150E+03  1.0000E+00  0.0000E+00
   1.9935E+01  1.2090E+03  3.2446E+03  1.7293E+00  1.0000E+00
   1.6892E+00  2.6453E+03  2.5079E+03  2.0408E+01  4.0010E+00
   1.2669E+00  2.7456E+03  2.4159E+03  2.7211E+01  4.9396E+00
   1.0135E+00  2.8183E+03  2.3433E+03  3.4014E+01  5.8257E+00
   8.4460E-01  2.8747E+03  2.2833E+03  4.0816E+01  6.6718E+00
   4.1368E+01  0.0000E+00  3.4368E+03  1.0000E+00  0.0000E+00
   2.3912E+01  1.2119E+03  3.2629E+03  1.7300E+00  1.0000E+00
   2.0271E+00  2.6489E+03  2.5105E+03  2.0408E+01  3.9901E+00
   1.5203E+00  2.7491E+03  2.4168E+03  2.7211E+01  4.9240E+00
   1.2162E+00  2.8217E+03  2.3431E+03  3.4014E+01  5.8057E+00
   1.0135E+00  2.8780E+03  2.2823E+03  4.0816E+01  6.6476E+00
   2.0684E+01  0.0000E+00  3.3700E+03  1.0000E+00  0.0000E+00
   1.1987E+01  1.1944E+03  3.2129E+03  1.7256E+00  1.0000E+00
   1.0135E+00  2.6282E+03  2.5586E+03  2.0408E+01  4.0754E+00
   7.6014E-01  2.7297E+03  2.4793E+03  2.7211E+01  5.0509E+00
   6.0812E-01  2.8035E+03  2.4160E+03  3.4014E+01  5.9755E+00
   5.0676E-01  2.8609E+03  2.3629E+03  4.0816E+01  6.8604E+00
   2.7579E+01  0.0000E+00  3.4060E+03  1.0000E+00  0.0000E+00
   1.5973E+01  1.1991E+03  3.2441E+03  1.7266E+00  1.0000E+00
   1.3514E+00  2.6349E+03  2.5677E+03  2.0408E+01  4.0604E+00
   1.0135E+00  2.7363E+03  2.4853E+03  2.7211E+01  5.0287E+00
   8.1082E-01  2.8100E+03  2.4196E+03  3.4014E+01  5.9457E+00
   6.7568E-01  2.8672E+03  2.3647E+03  4.0816E+01  6.8230E+00
   3.4474E+01  0.0000E+00  3.4340E+03  1.0000E+00  0.0000E+00
   1.9957E+01  1.2027E+03  3.2682E+03  1.7274E+00  1.0000E+00
   1.6892E+00  2.6399E+03  2.5740E+03  2.0408E+01  4.0484E+00
   1.2669E+00  2.7412E+03  2.4893E+03  2.7211E+01  5.0111E+00
   1.0135E+00  2.8148E+03  2.4218E+03  3.4014E+01  5.9223E+00
   8.4460E-01  2.8720E+03  2.3655E+03  4.0816E+01  6.7937E+00
   4.1368E+01  0.0000E+00  3.4568E+03  1.0000E+00  0.0000E+00
   2.3939E+01  1.2057E+03  3.2877E+03  1.7280E+00  1.0000E+00
   2.0271E+00  2.6439E+03  2.5788E+03  2.0408E+01  4.0385E+00
   1.5203E+00  2.7451E+03  2.4921E+03  2.7211E+01  4.9966E+00
   1.2162E+00  2.8186E+03  2.4232E+03  3.4014E+01  5.9031E+00
   1.0135E+00  2.8757E+03  2.3659E+03  4.0816E+01  6.7698E+00
   2.0684E+01  0.0000E+00  3.3821E+03  1.0000E+00  0.0000E+00
   1.1996E+01  1.1880E+03  3.2279E+03  1.7243E+00  1.0000E+00
   1.0135E+00  2.6197E+03  2.6044E+03  2.0408E+01  4.1088E+00
   7.6014E-01  2.7216E+03  2.5324E+03  2.7211E+01  5.1041E+00
   6.0812E-01  2.7960E+03  2.4751E+03  3.4014E+01  6.0509E+00
   5.0676E-01  2.8539E+03  2.4273E+03  4.0816E+01  6.9598E+00
   2.7579E+01  0.0000E+00  3.4191E+03  1.0000E+00  0.0000E+00
   1.5986E+01  1.1927E+03  3.2604E+03  1.7252E+00  1.0000E+00
   1.3514E+00  2.6268E+03  2.6170E+03  2.0408E+01  4.0960E+00
   1.0135E+00  2.7288E+03  2.5421E+03  2.7211E+01  5.0850E+00
   8.1082E-01  2.8030E+03  2.4826E+03  3.4014E+01  6.0250E+00
   6.7568E-01  2.8609E+03  2.4327E+03  4.0816E+01  6.9267E+00
   3.4474E+01  0.0000E+00  3.4479E+03  1.0000E+00  0.0000E+00
   1.9973E+01  1.1964E+03  3.2855E+03  1.7260E+00  1.0000E+00
   1.6892E+00  2.6322E+03  2.6261E+03  2.0408E+01  4.0858E+00
   1.2669E+00  2.7341E+03  2.5490E+03  2.7211E+01  5.0698E+00
   1.0135E+00  2.8084E+03  2.4876E+03  3.4014E+01  6.0043E+00
   8.4460E-01  2.8661E+03  2.4362E+03  4.0816E+01  6.9003E+00
   4.1368E+01  0.0000E+00  3.4714E+03  1.0000E+00  0.0000E+00
   2.3960E+01  1.1993E+03  3.3060E+03  1.7266E+00  1.0000E+00
   2.0271E+00  2.6366E+03  2.6332E+03  2.0408E+01  4.0772E+00
   1.5203E+00  2.7384E+03  2.5541E+03  2.7211E+01  5.0570E+00
   1.2162E+00  2.8126E+03  2.4912E+03  3.4014E+01  5.9871E+00
   1.0135E+00  2.8703E+03  2.4387E+03  4.0816E+01  6.8784E+00
   2.0684E+01  0.0000E+00  3.3905E+03  1.0000E+00  0.0000E+00
   1.2002E+01  1.1816E+03  3.2386E+03  1.7234E+00  1.0000E+00
   1.0135E+00  2.6095E+03  2.6375E+03  2.0408E+01  4.1327E+00
   7.6014E-01  2.7117E+03  2.5712E+03  2.7211E+01  5.1426E+00
   6.0812E-01  2.7863E+03  2.5192E+03  3.4014E+01  6.1065E+00
   5.0676E-01  2.8445E+03  2.4760E+03  4.0816E+01  7.0347E+00
   2.7579E+01  0.0000E+00  3.4282E+03  1.0000E+00  0.0000E+00
   1.5995E+01  1.1863E+03  3.2719E+03  1.7243E+00  1.0000E+00
   1.3514E+00  2.6170E+03  2.6530E+03  2.0408E+01  4.1218E+00
   1.0135E+00  2.7192E+03  2.5842E+03  2.7211E+01  5.1265E+00
   8.1082E-01  2.7938E+03  2.5302E+03  3.4014E+01  6.0847E+00
   6.7568E-01  2.8520E+03  2.4854E+03  4.0816E+01  7.0068E+00
   3.4474E+01  0.0000E+00  3.4576E+03  1.0000E+00  0.0000E+00
   1.9985E+01  1.1900E+03  3.2978E+03  1.7249E+00  1.0000E+00
   1.6892E+00  2.6227E+03  2.6645E+03  2.0408E+01  4.1131E+00
   1.2669E+00  2.7249E+03  2.5938E+03  2.7211E+01  5.1136E+00
   1.0135E+00  2.7995E+03  2.5382E+03  3.4014E+01  6.0673E+00
   8.4460E-01  2.8577E+03  2.4919E+03  4.0816E+01  6.9844E+00
   4.1368E+01  0.0000E+00  3.4817E+03  1.0000E+00  0.0000E+00
   2.3975E+01  1.1930E+03  3.3189E+03  1.7255E+00  1.0000E+00
   2.0271E+00  2.6273E+03  2.6736E+03  2.0408E+01  4.1058E+00
   1.5203E+00  2.7295E+03  2.6013E+03  2.7211E+01  5.1029E+00
   1.2162E+00  2.8041E+03  2.5443E+03  3.4014E+01  6.0527E+00
   1.0135E+00  2.8623E+03  2.4968E+03  4.0816E+01  6.9657E+00
   2.0684E+01  0.0000E+00  3.3959E+03  1.0000E+00  0.0000E+00
   1.2007E+01  1.1752E+03  3.2457E+03  1.7227E+00  1.0000E+00
   1.0135E+00  2.5983E+03  2.6602E+03  2.0408E+01  4.1490E+00
   7.6014E-01  2.7004E+03  2.5979E+03  2.7211E+01  5.1689E+00
   6.0812E-01  2.7751E+03  2.5496E+03  3.4014E+01  6.1447E+00
   5.0676E-01  2.8335E+03  2.5101E+03  4.0816E+01  7.0865E+00
   2.7579E+01  0.0000E+00  3.4342E+03  1.0000E+00  0.0000E+00
   1.6001E+01  1.1800E+03  3.2796E+03  1.7236E+00  1.0000E+00
   1.3514E+00  2.6060E+03  2.6778E+03  2.0408E+01  4.1395E+00
   1.0135E+00  2.7082E+03  2.6135E+03  2.7211E+01  5.1551E+00
   8.1082E-01  2.7830E+03  2.5636E+03  3.4014E+01  6.1262E+00
   6.7568E-01  2.8413E+03  2.5226E+03  4.0816E+01  7.0630E+00
   3.4474E+01  0.0000E+00  3.4640E+03  1.0000E+00  0.0000E+00
   1.9994E+01  1.1836E+03  3.3060E+03  1.7242E+00  1.0000E+00
   1.6892E+00  2.6119E+03  2.6912E+03  2.0408E+01  4.1320E+00
   1.2669E+00  2.7142E+03  2.6252E+03  2.7211E+01  5.1441E+00
   1.0135E+00  2.7889E+03  2.5740E+03  3.4014E+01  6.1115E+00
   8.4460E-01  2.8473E+03  2.5318E+03  4.0816E+01  7.0443E+00
   4.1368E+01  0.0000E+00  3.4884E+03  1.0000E+00  0.0000E+00
   2.3986E+01  1.1866E+03  3.3276E+03  1.7247E+00  1.0000E+00
   2.0271E+00  2.6167E+03  2.7018E+03  2.0408E+01  4.1257E+00
   1.5203E+00  2.7190E+03  2.6345E+03  2.7211E+01  5.1350E+00
   1.2162E+00  2.7937E+03  2.5822E+03  3.4014E+01  6.0993E+00
   1.0135E+00  2.8521E+03  2.5390E+03  4.0816E+01  7.0287E+00